arena_id,0,1,2,3,4,5,6,7,8,9,10,11,12,13,14,15,16,17,18,19,20,21,22,23,24,25,26,27,28,29
5539,0.01020408163265306,0.0163265306122449,0.014285714285714285,0.012244897959183673,0.003061224489795918,0.009183673469387756,0.012244897959183673,0.006122448979591836,0.00816326530612245,0.01020408163265306,0.007142857142857143,0.007142857142857143,0.013265306122448979,0.014285714285714285,0.009183673469387756,0.00510204081632653,0.022448979591836733,0.026530612244897958,0.0163265306122449,0.014285714285714285,0.025510204081632654,0.0163265306122449,0.04897959183673469,0.04183673469387755,0.015306122448979591,0.00816326530612245,0.03571428571428571,0.012244897959183673,0.006122448979591836,0.025510204081632654
5554,0.007142857142857143,0.00816326530612245,0.015306122448979591,0.01020408163265306,0.003061224489795918,0.013265306122448979,0.007142857142857143,0.009183673469387756,0.00816326530612245,0.022448979591836733,0.014285714285714285,0.003061224489795918,0.007142857142857143,0.007142857142857143,0.00816326530612245,0.009183673469387756,0.03979591836734694,0.04387755102040816,0.02346938775510204,0.00816326530612245,0.02142857142857143,0.02040816326530612,0.0653061224489796,0.05510204081632653,0.013265306122448979,0.011224489795918367,0.024489795918367346,0.007142857142857143,0.01020408163265306,0.019387755102040816
420,0.026530612244897958,0.0336734693877551,0.013265306122448979,0.02346938775510204,0.019387755102040816,0.024489795918367346,0.019387755102040816,0.022448979591836733,0.022448979591836733,0.03877551020408163,0.024489795918367346,0.012244897959183673,0.011224489795918367,0.018367346938775512,0.017346938775510204,0.02040816326530612,0.058163265306122446,0.04795918367346939,0.02040816326530612,0.02857142857142857,0.02346938775510204,0.39081632653061227,0.0826530612244898,0.0653061224489796,0.027551020408163266,0.022448979591836733,0.036734693877551024,0.05714285714285714,0.28061224489795916,0.025510204081632654
419,0.05714285714285714,0.06224489795918367,0.0673469387755102,0.04693877551020408,0.05408163265306123,0.05102040816326531,0.0673469387755102,0.07040816326530612,0.07142857142857142,0.11224489795918367,0.05714285714285714,0.03877551020408163,0.03469387755102041,0.04795918367346939,0.05204081632653061,0.04591836734693878,0.15714285714285714,0.1846938775510204,0.08775510204081632,0.09285714285714286,0.07244897959183673,0.08673469387755102,0.3489795918367347,0.2173469387755102,0.08775510204081632,0.07142857142857142,0.10306122448979592,0.044897959183673466,0.05612244897959184,0.09591836734693877
418,0.3224489795918367,0.0663265306122449,0.0663265306122449,0.058163265306122446,0.053061224489795916,0.06428571428571428,0.061224489795918366,0.4336734693877551,0.05204081632653061,0.1336734693877551,0.0826530612244898,0.04693877551020408,0.06428571428571428,0.05510204081632653,0.06224489795918367,0.06326530612244897,0.09081632653061225,0.14489795918367346,0.08775510204081632,0.07653061224489796,0.05510204081632653,0.08979591836734693,0.22857142857142856,0.19795918367346937,0.06836734693877551,0.07244897959183673,0.46530612244897956,0.044897959183673466,0.05714285714285714,0.09183673469387756
417,0.04897959183673469,0.05,0.05102040816326531,0.05,0.03469387755102041,0.053061224489795916,0.05408163265306123,0.0673469387755102,0.061224489795918366,0.09489795918367347,0.05408163265306123,0.02959183673469388,0.027551020408163266,0.0336734693877551,0.03877551020408163,0.03877551020408163,0.07755102040816327,0.11938775510204082,0.06020408163265306,0.04795918367346939,0.05408163265306123,0.07551020408163266,0.28775510204081634,0.18775510204081633,0.05204081632653061,0.05,0.1,0.044897959183673466,0.05,0.07346938775510205
401,0.019387755102040816,0.027551020408163266,0.019387755102040816,0.017346938775510204,0.015306122448979591,0.02346938775510204,0.03775510204081633,0.013265306122448979,0.02959183673469388,0.02346938775510204,0.022448979591836733,0.018367346938775512,0.012244897959183673,0.012244897959183673,0.012244897959183673,0.009183673469387756,0.053061224489795916,0.05510204081632653,0.02346938775510204,0.024489795918367346,0.017346938775510204,0.03163265306122449,0.07959183673469387,0.07040816326530612,0.02857142857142857,0.02040816326530612,0.026530612244897958,0.01020408163265306,0.0163265306122449,0.04795918367346939
5500,0.014285714285714285,0.012244897959183673,0.013265306122448979,0.01020408163265306,0.012244897959183673,0.012244897959183673,0.009183673469387756,0.0163265306122449,0.018367346938775512,0.018367346938775512,0.01020408163265306,0.0010204081632653062,0.01020408163265306,0.007142857142857143,0.0010204081632653062,0.007142857142857143,0.10102040816326531,0.0836734693877551,0.030612244897959183,0.027551020408163266,0.02142857142857143,0.03469387755102041,0.06938775510204082,0.02857142857142857,0.03979591836734694,0.011224489795918367,0.018367346938775512,0.017346938775510204,0.017346938775510204,0.024489795918367346
5503,0.009183673469387756,0.009183673469387756,0.012244897959183673,0.003061224489795918,0.00510204081632653,0.017346938775510204,0.36020408163265305,0.01020408163265306,0.05510204081632653,0.012244897959183673,0.004081632653061225,0.004081632653061225,0.009183673469387756,0.5785714285714286,0.00510204081632653,0.0020408163265306124,0.026530612244897958,0.02959183673469388,0.013265306122448979,0.025510204081632654,0.3806122448979592,0.02142857142857143,0.05204081632653061,0.0336734693877551,0.017346938775510204,0.007142857142857143,0.022448979591836733,0.40816326530612246,0.013265306122448979,0.02346938775510204
5505,0.003061224489795918,0.0020408163265306124,0.006122448979591836,0.00510204081632653,0.0010204081632653062,0.0010204081632653062,0.0,0.0,0.0,0.006122448979591836,0.00510204081632653,0.0020408163265306124,0.003061224489795918,0.004081632653061225,0.004081632653061225,0.0010204081632653062,0.017346938775510204,0.017346938775510204,0.012244897959183673,0.011224489795918367,0.01020408163265306,0.006122448979591836,0.02040816326530612,0.017346938775510204,0.013265306122448979,0.0020408163265306124,0.003061224489795918,0.007142857142857143,0.003061224489795918,0.009183673469387756
347,0.09489795918367347,0.4704081632653061,0.03979591836734694,0.014285714285714285,0.02040816326530612,0.04387755102040816,0.07346938775510205,0.09693877551020408,0.6010204081632653,0.0336734693877551,0.022448979591836733,0.014285714285714285,0.015306122448979591,0.017346938775510204,0.6408163265306123,0.03163265306122449,0.05510204081632653,0.05204081632653061,0.02857142857142857,0.022448979591836733,0.025510204081632654,0.05408163265306123,0.11020408163265306,0.0663265306122449,0.024489795918367346,0.017346938775510204,0.05612244897959184,0.05102040816326531,0.06224489795918367,0.5806122448979592
5508,0.0010204081632653062,0.004081632653061225,0.003061224489795918,0.00510204081632653,0.011224489795918367,0.004081632653061225,0.007142857142857143,0.004081632653061225,0.004081632653061225,0.009183673469387756,0.012244897959183673,0.0,0.0010204081632653062,0.0020408163265306124,0.004081632653061225,0.003061224489795918,0.02346938775510204,0.011224489795918367,0.012244897959183673,0.006122448979591836,0.011224489795918367,0.012244897959183673,0.030612244897959183,0.026530612244897958,0.007142857142857143,0.00510204081632653,0.00816326530612245,0.006122448979591836,0.003061224489795918,0.007142857142857143
5512,0.00510204081632653,0.004081632653061225,0.004081632653061225,0.0020408163265306124,0.0,0.004081632653061225,0.0,0.004081632653061225,0.00510204081632653,0.00510204081632653,0.006122448979591836,0.0020408163265306124,0.004081632653061225,0.0010204081632653062,0.003061224489795918,0.004081632653061225,0.011224489795918367,0.015306122448979591,0.004081632653061225,0.004081632653061225,0.0010204081632653062,0.004081632653061225,0.02142857142857143,0.012244897959183673,0.003061224489795918,0.0020408163265306124,0.011224489795918367,0.0010204081632653062,0.007142857142857143,0.00816326530612245
429,0.006122448979591836,0.01020408163265306,0.004081632653061225,0.0020408163265306124,0.006122448979591836,0.009183673469387756,0.003061224489795918,0.004081632653061225,0.011224489795918367,0.006122448979591836,0.007142857142857143,0.0020408163265306124,0.00510204081632653,0.004081632653061225,0.00816326530612245,0.0020408163265306124,0.014285714285714285,0.018367346938775512,0.003061224489795918,0.00510204081632653,0.011224489795918367,0.009183673469387756,0.025510204081632654,0.014285714285714285,0.00816326530612245,0.0020408163265306124,0.003061224489795918,0.00510204081632653,0.00510204081632653,0.00510204081632653
5551,0.015306122448979591,0.015306122448979591,0.025510204081632654,0.006122448979591836,0.014285714285714285,0.013265306122448979,0.022448979591836733,0.022448979591836733,0.013265306122448979,0.026530612244897958,0.013265306122448979,0.009183673469387756,0.01020408163265306,0.018367346938775512,0.01020408163265306,0.014285714285714285,0.05612244897959184,0.05918367346938776,0.027551020408163266,0.025510204081632654,0.02346938775510204,0.027551020408163266,0.1,0.08061224489795918,0.022448979591836733,0.018367346938775512,0.044897959183673466,0.02142857142857143,0.02346938775510204,0.03469387755102041
425,0.030612244897959183,0.0326530612244898,0.2857142857142857,0.024489795918367346,0.024489795918367346,0.014285714285714285,0.027551020408163266,0.05510204081632653,0.026530612244897958,0.28775510204081634,0.022448979591836733,0.01020408163265306,0.0163265306122449,0.027551020408163266,0.025510204081632654,0.04183673469387755,0.3153061224489796,0.07346938775510205,0.026530612244897958,0.022448979591836733,0.0163265306122449,0.04693877551020408,0.09795918367346938,0.41122448979591836,0.036734693877551024,0.02959183673469388,0.03877551020408163,0.018367346938775512,0.02040816326530612,0.04795918367346939
5509,0.007142857142857143,0.0,0.003061224489795918,0.0010204081632653062,0.007142857142857143,0.007142857142857143,0.006122448979591836,0.0020408163265306124,0.0020408163265306124,0.003061224489795918,0.00510204081632653,0.004081632653061225,0.0020408163265306124,0.007142857142857143,0.003061224489795918,0.00816326530612245,0.02040816326530612,0.02346938775510204,0.006122448979591836,0.006122448979591836,0.006122448979591836,0.00510204081632653,0.03571428571428571,0.02857142857142857,0.007142857142857143,0.006122448979591836,0.015306122448979591,0.0020408163265306124,0.00510204081632653,0.017346938775510204
5812,0.0010204081632653062,0.0020408163265306124,0.004081632653061225,0.0020408163265306124,0.0010204081632653062,0.007142857142857143,0.0010204081632653062,0.006122448979591836,0.007142857142857143,0.014285714285714285,0.007142857142857143,0.004081632653061225,0.003061224489795918,0.004081632653061225,0.0020408163265306124,0.0010204081632653062,0.01020408163265306,0.01020408163265306,0.007142857142857143,0.012244897959183673,0.01020408163265306,0.00816326530612245,0.02346938775510204,0.019387755102040816,0.01020408163265306,0.006122448979591836,0.017346938775510204,0.006122448979591836,0.00816326530612245,0.00816326530612245
432,0.014285714285714285,0.00510204081632653,0.009183673469387756,0.0020408163265306124,0.007142857142857143,0.00816326530612245,0.007142857142857143,0.004081632653061225,0.004081632653061225,0.012244897959183673,0.006122448979591836,0.00816326530612245,0.006122448979591836,0.009183673469387756,0.011224489795918367,0.00510204081632653,0.02040816326530612,0.027551020408163266,0.015306122448979591,0.007142857142857143,0.006122448979591836,0.01020408163265306,0.03979591836734694,0.027551020408163266,0.007142857142857143,0.00816326530612245,0.017346938775510204,0.009183673469387756,0.004081632653061225,0.012244897959183673
5521,0.00510204081632653,0.004081632653061225,0.003061224489795918,0.0010204081632653062,0.0010204081632653062,0.0010204081632653062,0.0020408163265306124,0.0,0.0020408163265306124,0.012244897959183673,0.0020408163265306124,0.003061224489795918,0.0010204081632653062,0.0020408163265306124,0.003061224489795918,0.003061224489795918,0.02346938775510204,0.019387755102040816,0.007142857142857143,0.007142857142857143,0.0020408163265306124,0.012244897959183673,0.02040816326530612,0.018367346938775512,0.00816326530612245,0.003061224489795918,0.007142857142857143,0.003061224489795918,0.003061224489795918,0.0010204081632653062
5707,0.0010204081632653062,0.0020408163265306124,0.0010204081632653062,0.0010204081632653062,0.0010204081632653062,0.0,0.0020408163265306124,0.003061224489795918,0.0010204081632653062,0.0,0.0,0.0020408163265306124,0.003061224489795918,0.0,0.0020408163265306124,0.0010204081632653062,0.007142857142857143,0.007142857142857143,0.0020408163265306124,0.0,0.0020408163265306124,0.004081632653061225,0.012244897959183673,0.009183673469387756,0.003061224489795918,0.004081632653061225,0.006122448979591836,0.004081632653061225,0.0020408163265306124,0.0010204081632653062
5697,0.0020408163265306124,0.0020408163265306124,0.003061224489795918,0.0010204081632653062,0.0,0.003061224489795918,0.0010204081632653062,0.0010204081632653062,0.0020408163265306124,0.0010204081632653062,0.0010204081632653062,0.0010204081632653062,0.0010204081632653062,0.0010204081632653062,0.006122448979591836,0.007142857142857143,0.0,0.0010204081632653062,0.007142857142857143,0.011224489795918367,0.011224489795918367,0.0020408163265306124,0.003061224489795918,0.00510204081632653,0.0020408163265306124,0.004081632653061225,0.006122448979591836,0.007142857142857143,0.003061224489795918,0.006122448979591836
5736,0.0,0.0,0.0010204081632653062,0.0010204081632653062,0.00510204081632653,0.0,0.006122448979591836,0.003061224489795918,0.00510204081632653,0.0020408163265306124,0.0010204081632653062,0.00510204081632653,0.0,0.0010204081632653062,0.011224489795918367,0.013265306122448979,0.0020408163265306124,0.0020408163265306124,0.00510204081632653,0.003061224489795918,0.014285714285714285,0.004081632653061225,0.00510204081632653,0.003061224489795918,0.003061224489795918,0.0010204081632653062,0.00510204081632653,0.004081632653061225,0.014285714285714285,0.018367346938775512
5814,0.3081632653061224,0.027551020408163266,0.015306122448979591,0.0,0.007142857142857143,0.013265306122448979,0.04387755102040816,0.6051020408163266,0.027551020408163266,0.05510204081632653,0.02959183673469388,0.00510204081632653,0.007142857142857143,0.006122448979591836,0.024489795918367346,0.4897959183673469,0.0663265306122449,0.015306122448979591,0.004081632653061225,0.00510204081632653,0.025510204081632654,0.5040816326530613,0.04693877551020408,0.03571428571428571,0.0020408163265306124,0.004081632653061225,0.015306122448979591,0.4193877551020408,0.0020408163265306124,0.003061224489795918
5182,0.0,0.003061224489795918,0.0,0.0010204081632653062,0.0,0.0,0.0,0.0020408163265306124,0.0,0.0,0.0020408163265306124,0.0020408163265306124,0.0010204081632653062,0.0,0.0,0.0010204081632653062,0.0010204081632653062,0.0,0.0020408163265306124,0.0010204081632653062,0.0,0.0020408163265306124,0.0010204081632653062,0.0,0.0,0.0010204081632653062,0.0010204081632653062,0.0020408163265306124,0.003061224489795918,0.0
5109,0.0020408163265306124,0.006122448979591836,0.007142857142857143,0.00510204081632653,0.0010204081632653062,0.0020408163265306124,0.004081632653061225,0.003061224489795918,0.0,0.007142857142857143,0.0010204081632653062,0.003061224489795918,0.0010204081632653062,0.003061224489795918,0.0,0.0010204081632653062,0.003061224489795918,0.003061224489795918,0.0010204081632653062,0.006122448979591836,0.006122448979591836,0.0,0.0010204081632653062,0.004081632653061225,0.0020408163265306124,0.0,0.0010204081632653062,0.0010204081632653062,0.0020408163265306124,0.003061224489795918
5485,0.00816326530612245,0.0020408163265306124,0.0,0.0010204081632653062,0.0010204081632653062,0.0,0.004081632653061225,0.004081632653061225,0.0010204081632653062,0.0010204081632653062,0.009183673469387756,0.011224489795918367,0.006122448979591836,0.004081632653061225,0.0020408163265306124,0.004081632653061225,0.00816326530612245,0.00816326530612245,0.003061224489795918,0.0010204081632653062,0.0,0.0020408163265306124,0.0010204081632653062,0.00510204081632653,0.009183673469387756,0.012244897959183673,0.0020408163265306124,0.006122448979591836,0.02857142857142857,0.00510204081632653
5493,0.003061224489795918,0.004081632653061225,0.0010204081632653062,0.0,0.0,0.0010204081632653062,0.0,0.0020408163265306124,0.0020408163265306124,0.0,0.0,0.0,0.0,0.0020408163265306124,0.0020408163265306124,0.0010204081632653062,0.0,0.0,0.0010204081632653062,0.011224489795918367,0.006122448979591836,0.0,0.0,0.0,0.0020408163265306124,0.0010204081632653062,0.0,0.0010204081632653062,0.0,0.0
5194,0.0010204081632653062,0.003061224489795918,0.0010204081632653062,0.0020408163265306124,0.0,0.004081632653061225,0.0010204081632653062,0.0020408163265306124,0.0020408163265306124,0.0020408163265306124,0.0010204081632653062,0.0010204081632653062,0.0010204081632653062,0.003061224489795918,0.0010204081632653062,0.003061224489795918,0.004081632653061225,0.003061224489795918,0.0,0.0010204081632653062,0.0,0.0,0.0,0.0020408163265306124,0.0020408163265306124,0.0,0.0010204081632653062,0.0010204081632653062,0.0020408163265306124,0.003061224489795918
5095,0.0,0.0010204081632653062,0.0010204081632653062,0.0,0.0010204081632653062,0.0010204081632653062,0.0010204081632653062,0.004081632653061225,0.0010204081632653062,0.0,0.003061224489795918,0.0020408163265306124,0.0010204081632653062,0.0,0.0020408163265306124,0.0020408163265306124,0.004081632653061225,0.0,0.0010204081632653062,0.003061224489795918,0.003061224489795918,0.0020408163265306124,0.004081632653061225,0.0,0.0020408163265306124,0.0,0.0020408163265306124,0.0010204081632653062,0.004081632653061225,0.003061224489795918
5494,0.0,0.0,0.0,0.0,0.0010204081632653062,0.0020408163265306124,0.0,0.0,0.0,0.0,0.0020408163265306124,0.0010204081632653062,0.0020408163265306124,0.004081632653061225,0.00510204081632653,0.0010204081632653062,0.0010204081632653062,0.00510204081632653,0.009183673469387756,0.007142857142857143,0.003061224489795918,0.0,0.0010204081632653062,0.0010204081632653062,0.013265306122448979,0.01020408163265306,0.007142857142857143,0.00510204081632653,0.0163265306122449,0.0010204081632653062
465,0.0,0.0010204081632653062,0.0,0.0010204081632653062,0.0,0.0,0.0010204081632653062,0.0,0.0,0.0,0.0010204081632653062,0.0020408163265306124,0.0020408163265306124,0.0010204081632653062,0.0,0.0,0.0010204081632653062,0.0020408163265306124,0.0020408163265306124,0.0010204081632653062,0.0010204081632653062,0.0,0.0,0.0020408163265306124,0.0020408163265306124,0.0,0.0,0.0010204081632653062,0.0010204081632653062,0.0020408163265306124
5506,0.0020408163265306124,0.0,0.0,0.0010204081632653062,0.0020408163265306124,0.007142857142857143,0.0,0.0020408163265306124,0.0010204081632653062,0.003061224489795918,0.0,0.0,0.003061224489795918,0.0020408163265306124,0.0,0.0,0.003061224489795918,0.0010204081632653062,0.0020408163265306124,0.0,0.006122448979591836,0.0,0.0,0.0,0.006122448979591836,0.0,0.0010204081632653062,0.0010204081632653062,0.004081632653061225,0.006122448979591836
5700,0.0,0.003061224489795918,0.003061224489795918,0.0010204081632653062,0.0010204081632653062,0.0010204081632653062,0.0,0.0010204081632653062,0.0,0.0,0.0020408163265306124,0.003061224489795918,0.004081632653061225,0.0010204081632653062,0.0,0.0,0.004081632653061225,0.0020408163265306124,0.0020408163265306124,0.0010204081632653062,0.0010204081632653062,0.006122448979591836,0.004081632653061225,0.0010204081632653062,0.003061224489795918,0.0020408163265306124,0.00816326530612245,0.0020408163265306124,0.0010204081632653062,0.00510204081632653
5565,0.0010204081632653062,0.0,0.0,0.0,0.0,0.0020408163265306124,0.0,0.0010204081632653062,0.0,0.0,0.004081632653061225,0.006122448979591836,0.0,0.0020408163265306124,0.0010204081632653062,0.00510204081632653,0.0010204081632653062,0.004081632653061225,0.0020408163265306124,0.0020408163265306124,0.0,0.0010204081632653062,0.003061224489795918,0.006122448979591836,0.01020408163265306,0.02040816326530612,0.0,0.004081632653061225,0.007142857142857143,0.006122448979591836
5679,0.0020408163265306124,0.0010204081632653062,0.0,0.0,0.004081632653061225,0.0010204081632653062,0.0,0.0010204081632653062,0.00510204081632653,0.0,0.0020408163265306124,0.0,0.0010204081632653062,0.0,0.006122448979591836,0.0020408163265306124,0.0020408163265306124,0.0,0.0010204081632653062,0.0,0.007142857142857143,0.003061224489795918,0.004081632653061225,0.00510204081632653,0.004081632653061225,0.0020408163265306124,0.007142857142857143,0.0020408163265306124,0.0020408163265306124,0.0020408163265306124
5260,0.0010204081632653062,0.0020408163265306124,0.0010204081632653062,0.0020408163265306124,0.0010204081632653062,0.0,0.0,0.0,0.0020408163265306124,0.0010204081632653062,0.0,0.0010204081632653062,0.0010204081632653062,0.0010204081632653062,0.003061224489795918,0.003061224489795918,0.0,0.0010204081632653062,0.0010204081632653062,0.0,0.0010204081632653062,0.0010204081632653062,0.0010204081632653062,0.0010204081632653062,0.0010204081632653062,0.003061224489795918,0.0010204081632653062,0.0010204081632653062,0.0020408163265306124,0.003061224489795918
5029,0.003061224489795918,0.0010204081632653062,0.0,0.0010204081632653062,0.0010204081632653062,0.0,0.0020408163265306124,0.0020408163265306124,0.0,0.0,0.0010204081632653062,0.0020408163265306124,0.0010204081632653062,0.004081632653061225,0.0020408163265306124,0.0,0.0010204081632653062,0.0010204081632653062,0.0020408163265306124,0.0020408163265306124,0.0010204081632653062,0.003061224489795918,0.0020408163265306124,0.0010204081632653062,0.0,0.003061224489795918,0.0010204081632653062,0.0020408163265306124,0.0010204081632653062,0.0
502,0.0,0.0,0.0,0.0,0.0,0.0,0.0,0.0,0.0,0.0,0.0,0.0,0.0,0.0010204081632653062,0.0,0.0,0.004081632653061225,0.003061224489795918,0.0010204081632653062,0.0,0.0,0.0020408163265306124,0.0010204081632653062,0.0,0.0010204081632653062,0.0020408163265306124,0.0,0.0,0.0010204081632653062,0.0010204081632653062
5017,0.0,0.0010204081632653062,0.0,0.0020408163265306124,0.0020408163265306124,0.0,0.0,0.0020408163265306124,0.0,0.0010204081632653062,0.0020408163265306124,0.0,0.0,0.00510204081632653,0.0020408163265306124,0.0010204081632653062,0.0020408163265306124,0.0,0.0,0.003061224489795918,0.0,0.003061224489795918,0.0,0.0,0.0010204081632653062,0.0010204081632653062,0.0,0.0010204081632653062,0.0,0.0010204081632653062
5305,0.0010204081632653062,0.003061224489795918,0.00816326530612245,0.003061224489795918,0.0010204081632653062,0.0,0.0020408163265306124,0.0010204081632653062,0.0020408163265306124,0.0020408163265306124,0.0,0.0,0.004081632653061225,0.003061224489795918,0.0010204081632653062,0.0010204081632653062,0.0010204081632653062,0.0010204081632653062,0.0010204081632653062,0.0,0.0010204081632653062,0.0010204081632653062,0.004081632653061225,0.0010204081632653062,0.0010204081632653062,0.0020408163265306124,0.0010204081632653062,0.0,0.0,0.0010204081632653062
5172,0.0,0.0010204081632653062,0.0,0.0,0.0,0.0010204081632653062,0.0,0.003061224489795918,0.0,0.0,0.0,0.0,0.0010204081632653062,0.0,0.0,0.0,0.0010204081632653062,0.0010204081632653062,0.0,0.0020408163265306124,0.0010204081632653062,0.0,0.0,0.0,0.0010204081632653062,0.0010204081632653062,0.0,0.0010204081632653062,0.0,0.0010204081632653062
5139,0.003061224489795918,0.0,0.0,0.0010204081632653062,0.0020408163265306124,0.0020408163265306124,0.003061224489795918,0.004081632653061225,0.0,0.0010204081632653062,0.0,0.0020408163265306124,0.007142857142857143,0.0010204081632653062,0.003061224489795918,0.013265306122448979,0.003061224489795918,0.0,0.0010204081632653062,0.0010204081632653062,0.009183673469387756,0.007142857142857143,0.0,0.011224489795918367,0.0,0.0,0.0020408163265306124,0.0020408163265306124,0.0020408163265306124,0.0020408163265306124
446,0.0,0.0,0.0,0.0,0.0010204081632653062,0.0,0.0010204081632653062,0.0,0.0,0.0,0.0020408163265306124,0.0,0.0,0.0010204081632653062,0.003061224489795918,0.0020408163265306124,0.0020408163265306124,0.0010204081632653062,0.0,0.0010204081632653062,0.0010204081632653062,0.0020408163265306124,0.0010204081632653062,0.0,0.0020408163265306124,0.0010204081632653062,0.0,0.0,0.0010204081632653062,0.0
448,0.0010204081632653062,0.0,0.0,0.0010204081632653062,0.0010204081632653062,0.0020408163265306124,0.0,0.0020408163265306124,0.0,0.0,0.0,0.0,0.0020408163265306124,0.0,0.003061224489795918,0.0,0.0,0.0020408163265306124,0.0,0.0,0.0020408163265306124,0.0020408163265306124,0.0010204081632653062,0.0,0.0,0.0020408163265306124,0.0010204081632653062,0.0010204081632653062,0.0,0.0
5308,0.0010204081632653062,0.0010204081632653062,0.0010204081632653062,0.0020408163265306124,0.0,0.0,0.0020408163265306124,0.0010204081632653062,0.0010204081632653062,0.0,0.0,0.0010204081632653062,0.0,0.0010204081632653062,0.004081632653061225,0.003061224489795918,0.0,0.0,0.0020408163265306124,0.003061224489795918,0.0020408163265306124,0.0010204081632653062,0.004081632653061225,0.0020408163265306124,0.00510204081632653,0.0020408163265306124,0.003061224489795918,0.0020408163265306124,0.0020408163265306124,0.0
495,0.0010204081632653062,0.0,0.0020408163265306124,0.0,0.0020408163265306124,0.0020408163265306124,0.0010204081632653062,0.0,0.0,0.0,0.0010204081632653062,0.0010204081632653062,0.0,0.0010204081632653062,0.003061224489795918,0.0020408163265306124,0.0,0.0020408163265306124,0.0020408163265306124,0.0020408163265306124,0.0,0.0,0.0,0.0020408163265306124,0.0,0.0010204081632653062,0.003061224489795918,0.0,0.0010204081632653062,0.0010204081632653062
5607,0.0,0.0,0.0010204081632653062,0.0,0.0,0.0010204081632653062,0.0010204081632653062,0.0010204081632653062,0.0,0.0,0.0,0.0,0.0,0.004081632653061225,0.0020408163265306124,0.0010204081632653062,0.0010204081632653062,0.0,0.0,0.0010204081632653062,0.004081632653061225,0.007142857142857143,0.0,0.0020408163265306124,0.0,0.0010204081632653062,0.0020408163265306124,0.003061224489795918,0.003061224489795918,0.0
5089,0.0,0.0,0.0,0.003061224489795918,0.0010204081632653062,0.0,0.0,0.003061224489795918,0.0010204081632653062,0.0,0.0,0.0020408163265306124,0.0010204081632653062,0.0,0.0,0.0,0.0010204081632653062,0.0,0.0,0.0,0.0,0.0010204081632653062,0.0,0.0,0.0,0.0,0.0020408163265306124,0.0010204081632653062,0.0010204081632653062,0.0
433,0.0,0.0020408163265306124,0.0,0.0,0.0,0.0,0.0020408163265306124,0.0,0.0,0.0,0.0,0.0020408163265306124,0.0010204081632653062,0.0010204081632653062,0.0010204081632653062,0.0,0.0,0.0,0.0,0.0010204081632653062,0.00816326530612245,0.0,0.0020408163265306124,0.0,0.0,0.0,0.0,0.0,0.0010204081632653062,0.0
5337,0.0020408163265306124,0.0,0.0,0.0,0.0,0.0,0.0,0.0,0.0010204081632653062,0.0,0.0010204081632653062,0.0010204081632653062,0.0,0.0010204081632653062,0.0020408163265306124,0.0,0.0,0.0010204081632653062,0.0020408163265306124,0.0020408163265306124,0.0020408163265306124,0.0,0.0020408163265306124,0.0020408163265306124,0.0,0.0010204081632653062,0.0,0.0,0.0020408163265306124,0.0010204081632653062
5220,0.0,0.0,0.0,0.0010204081632653062,0.0010204081632653062,0.0010204081632653062,0.0,0.0,0.0,0.0010204081632653062,0.0,0.0010204081632653062,0.0010204081632653062,0.0020408163265306124,0.0,0.0,0.003061224489795918,0.0010204081632653062,0.003061224489795918,0.004081632653061225,0.003061224489795918,0.00510204081632653,0.0,0.0,0.0,0.0,0.0,0.0020408163265306124,0.0,0.0020408163265306124
5685,0.0,0.0010204081632653062,0.0,0.0,0.003061224489795918,0.003061224489795918,0.0020408163265306124,0.0010204081632653062,0.0,0.0010204081632653062,0.0010204081632653062,0.0020408163265306124,0.0020408163265306124,0.006122448979591836,0.0020408163265306124,0.0020408163265306124,0.003061224489795918,0.0020408163265306124,0.0,0.0010204081632653062,0.0020408163265306124,0.0010204081632653062,0.0010204081632653062,0.0,0.0020408163265306124,0.0,0.003061224489795918,0.0020408163265306124,0.0,0.0
5146,0.0010204081632653062,0.0,0.0010204081632653062,0.003061224489795918,0.0010204081632653062,0.00510204081632653,0.0,0.0010204081632653062,0.0,0.0,0.0,0.0,0.0020408163265306124,0.003061224489795918,0.0,0.0,0.0,0.0010204081632653062,0.0010204081632653062,0.0020408163265306124,0.003061224489795918,0.0,0.003061224489795918,0.0020408163265306124,0.0020408163265306124,0.0,0.0,0.0,0.0,0.0020408163265306124
5455,0.05102040816326531,0.02346938775510204,0.018367346938775512,0.025510204081632654,0.02040816326530612,0.02959183673469388,0.04285714285714286,0.04693877551020408,0.05612244897959184,0.07142857142857142,0.030612244897959183,0.02346938775510204,0.03469387755102041,0.019387755102040816,0.026530612244897958,0.07551020408163266,0.02959183673469388,0.03775510204081633,0.09387755102040816,0.03979591836734694,0.026530612244897958,0.05102040816326531,0.058163265306122446,0.04897959183673469,0.07142857142857142,0.1336734693877551,0.0826530612244898,0.09591836734693877,0.053061224489795916,0.06020408163265306
5434,0.17346938775510204,0.07142857142857142,0.0826530612244898,0.08775510204081632,0.09081632653061225,0.07755102040816327,0.16020408163265307,0.1510204081632653,0.16020408163265307,0.16122448979591836,0.07653061224489796,0.07448979591836735,0.09081632653061225,0.10102040816326531,0.09489795918367347,0.20816326530612245,0.0673469387755102,0.09489795918367347,0.1846938775510204,0.12755102040816327,0.09795918367346938,0.12346938775510204,0.16938775510204082,0.07857142857142857,0.17755102040816326,0.20408163265306123,0.19285714285714287,0.12959183673469388,0.1336734693877551,0.14081632653061224
5433,0.0653061224489796,0.022448979591836733,0.024489795918367346,0.019387755102040816,0.019387755102040816,0.026530612244897958,0.05408163265306123,0.04693877551020408,0.05204081632653061,0.05408163265306123,0.018367346938775512,0.019387755102040816,0.024489795918367346,0.019387755102040816,0.019387755102040816,0.03979591836734694,0.02142857142857143,0.0326530612244898,0.05102040816326531,0.04183673469387755,0.02040816326530612,0.058163265306122446,0.05204081632653061,0.019387755102040816,0.05408163265306123,0.05510204081632653,0.08775510204081632,0.04693877551020408,0.04285714285714286,0.05612244897959184
5638,0.0,0.0,0.0,0.0,0.0,0.0,0.0,0.0010204081632653062,0.0010204081632653062,0.0,0.0010204081632653062,0.0010204081632653062,0.0020408163265306124,0.0020408163265306124,0.0010204081632653062,0.0,0.0,0.0,0.0010204081632653062,0.00510204081632653,0.0020408163265306124,0.0010204081632653062,0.00510204081632653,0.0010204081632653062,0.0010204081632653062,0.0,0.0,0.0,0.0,0.0010204081632653062
437,0.0,0.0,0.0,0.0,0.0,0.0,0.0,0.0,0.0010204081632653062,0.0020408163265306124,0.0,0.0,0.0,0.0,0.0010204081632653062,0.0,0.0,0.0,0.0010204081632653062,0.0010204081632653062,0.0,0.0010204081632653062,0.0,0.0,0.0010204081632653062,0.0020408163265306124,0.0,0.0,0.0,0.0
5400,0.0010204081632653062,0.0010204081632653062,0.0010204081632653062,0.0020408163265306124,0.003061224489795918,0.0,0.0,0.0010204081632653062,0.0010204081632653062,0.0,0.0,0.004081632653061225,0.003061224489795918,0.0,0.0,0.0020408163265306124,0.0,0.0020408163265306124,0.0,0.0010204081632653062,0.004081632653061225,0.0,0.0010204081632653062,0.0010204081632653062,0.0,0.0,0.0010204081632653062,0.006122448979591836,0.0,0.0
5290,0.0,0.0,0.0,0.0,0.0,0.0010204081632653062,0.0,0.0,0.003061224489795918,0.0,0.0,0.0,0.0,0.0010204081632653062,0.003061224489795918,0.0010204081632653062,0.004081632653061225,0.0,0.003061224489795918,0.0,0.0,0.0010204081632653062,0.0020408163265306124,0.0,0.0,0.0,0.0,0.0020408163265306124,0.0,0.0010204081632653062
273,0.0,0.0,0.0010204081632653062,0.0,0.0,0.0,0.0,0.0,0.0010204081632653062,0.0010204081632653062,0.0010204081632653062,0.0,0.0,0.0,0.0,0.0010204081632653062,0.0,0.0,0.0,0.0010204081632653062,0.0010204081632653062,0.0,0.0020408163265306124,0.0010204081632653062,0.003061224489795918,0.0,0.0,0.0020408163265306124,0.0,0.003061224489795918
5523,0.0010204081632653062,0.0,0.0020408163265306124,0.0,0.0,0.0,0.0,0.0,0.0010204081632653062,0.0020408163265306124,0.0,0.0,0.0020408163265306124,0.0,0.0,0.0010204081632653062,0.0,0.0,0.0010204081632653062,0.0,0.0,0.0,0.0010204081632653062,0.0,0.0010204081632653062,0.0020408163265306124,0.00510204081632653,0.0010204081632653062,0.0,0.0010204081632653062
456,0.0010204081632653062,0.0010204081632653062,0.0,0.0010204081632653062,0.0,0.0,0.0020408163265306124,0.0,0.0010204081632653062,0.0,0.0,0.0,0.0020408163265306124,0.003061224489795918,0.0,0.0010204081632653062,0.0,0.0020408163265306124,0.003061224489795918,0.0,0.0,0.0,0.0,0.0010204081632653062,0.0020408163265306124,0.0,0.0010204081632653062,0.0,0.0,0.0
5131,0.0020408163265306124,0.0,0.0,0.0010204081632653062,0.0010204081632653062,0.0010204081632653062,0.0,0.0,0.0,0.0010204081632653062,0.0010204081632653062,0.0,0.0010204081632653062,0.0,0.0,0.0,0.0010204081632653062,0.0,0.0,0.0,0.0020408163265306124,0.003061224489795918,0.0,0.004081632653061225,0.0010204081632653062,0.004081632653061225,0.0,0.0,0.0,0.0
5809,0.0,0.0010204081632653062,0.0,0.0,0.0,0.0020408163265306124,0.0,0.0010204081632653062,0.0,0.0010204081632653062,0.0010204081632653062,0.0020408163265306124,0.0010204081632653062,0.0020408163265306124,0.0,0.0020408163265306124,0.0020408163265306124,0.0,0.0010204081632653062,0.0010204081632653062,0.0020408163265306124,0.003061224489795918,0.0010204081632653062,0.0010204081632653062,0.0,0.0,0.0010204081632653062,0.0010204081632653062,0.0020408163265306124,0.0010204081632653062
442,0.0,0.0,0.0,0.0010204081632653062,0.0010204081632653062,0.0,0.0,0.0,0.0,0.0010204081632653062,0.0,0.0,0.0010204081632653062,0.0,0.0010204081632653062,0.003061224489795918,0.0,0.0,0.004081632653061225,0.0010204081632653062,0.0,0.0010204081632653062,0.0,0.0,0.0,0.003061224489795918,0.0,0.0,0.0010204081632653062,0.0020408163265306124
5077,0.0,0.0,0.0,0.003061224489795918,0.0,0.0,0.0,0.0,0.0,0.0,0.0010204081632653062,0.0020408163265306124,0.0020408163265306124,0.0020408163265306124,0.0,0.0,0.0,0.0,0.0,0.0010204081632653062,0.0,0.019387755102040816,0.0020408163265306124,0.0,0.0,0.0010204081632653062,0.0010204081632653062,0.0010204081632653062,0.0020408163265306124,0.0020408163265306124
5113,0.0,0.0,0.0,0.0,0.0,0.0,0.0,0.0,0.0,0.0010204081632653062,0.0010204081632653062,0.0,0.0,0.0,0.0,0.0,0.004081632653061225,0.0,0.003061224489795918,0.0,0.0010204081632653062,0.0010204081632653062,0.0010204081632653062,0.0,0.0,0.0020408163265306124,0.0,0.0010204081632653062,0.0020408163265306124,0.0020408163265306124
5082,0.0010204081632653062,0.0010204081632653062,0.0,0.0010204081632653062,0.0010204081632653062,0.0020408163265306124,0.004081632653061225,0.0010204081632653062,0.0,0.0,0.003061224489795918,0.0010204081632653062,0.0,0.0010204081632653062,0.0,0.0010204081632653062,0.0010204081632653062,0.0020408163265306124,0.0,0.0020408163265306124,0.0010204081632653062,0.0,0.004081632653061225,0.0020408163265306124,0.0,0.0020408163265306124,0.0010204081632653062,0.0010204081632653062,0.0010204081632653062,0.0
5320,0.0020408163265306124,0.0,0.003061224489795918,0.0,0.0010204081632653062,0.0,0.0,0.0,0.0,0.0,0.0,0.0,0.0010204081632653062,0.0,0.0,0.0010204081632653062,0.0,0.0,0.0010204081632653062,0.0,0.0,0.0,0.0,0.0,0.0,0.0,0.0,0.004081632653061225,0.0010204081632653062,0.0010204081632653062
266,0.0010204081632653062,0.004081632653061225,0.0,0.009183673469387756,0.0,0.0010204081632653062,0.0,0.0,0.0010204081632653062,0.0,0.0,0.01020408163265306,0.0010204081632653062,0.0,0.007142857142857143,0.0010204081632653062,0.0,0.003061224489795918,0.00510204081632653,0.0010204081632653062,0.0,0.003061224489795918,0.0,0.0,0.0,0.0,0.0,0.0,0.0,0.0020408163265306124
5395,0.0,0.0,0.0,0.0010204081632653062,0.0,0.0010204081632653062,0.0010204081632653062,0.0020408163265306124,0.0,0.0020408163265306124,0.0010204081632653062,0.0010204081632653062,0.0,0.0,0.0010204081632653062,0.0,0.0,0.0010204081632653062,0.0,0.0020408163265306124,0.0,0.0010204081632653062,0.0020408163265306124,0.0,0.0020408163265306124,0.0,0.0010204081632653062,0.0,0.0010204081632653062,0.003061224489795918
459,0.0,0.0,0.0,0.0,0.0,0.0,0.0,0.0020408163265306124,0.003061224489795918,0.0,0.0,0.0,0.0,0.0010204081632653062,0.0010204081632653062,0.0010204081632653062,0.0020408163265306124,0.0010204081632653062,0.0010204081632653062,0.0,0.0010204081632653062,0.0020408163265306124,0.0010204081632653062,0.0,0.0020408163265306124,0.0,0.0,0.003061224489795918,0.0020408163265306124,0.0
440,0.0,0.0,0.0,0.0,0.0,0.0010204081632653062,0.0,0.0,0.0,0.0,0.003061224489795918,0.0,0.0,0.0010204081632653062,0.0010204081632653062,0.0,0.0,0.0010204081632653062,0.0,0.0,0.0010204081632653062,0.0,0.0,0.0,0.0010204081632653062,0.0,0.0010204081632653062,0.0,0.0020408163265306124,0.0
5608,0.0,0.0010204081632653062,0.0,0.0020408163265306124,0.0,0.0,0.0,0.0020408163265306124,0.0010204081632653062,0.0010204081632653062,0.0010204081632653062,0.0,0.0010204081632653062,0.0,0.0,0.0,0.0010204081632653062,0.0,0.0,0.0010204081632653062,0.0,0.0,0.0010204081632653062,0.0,0.0010204081632653062,0.0,0.003061224489795918,0.004081632653061225,0.0,0.0
5169,0.0,0.0,0.0,0.0,0.0,0.0010204081632653062,0.0,0.0,0.0,0.0,0.0,0.0,0.0,0.0,0.0,0.0,0.0,0.0,0.0,0.0,0.0,0.0,0.0010204081632653062,0.0020408163265306124,0.0,0.0,0.0,0.0,0.0,0.0
5100,0.0,0.0,0.0010204081632653062,0.0,0.0,0.0,0.0,0.0,0.0,0.0010204081632653062,0.0,0.0010204081632653062,0.0010204081632653062,0.0,0.0010204081632653062,0.0,0.003061224489795918,0.0,0.0,0.0,0.0010204081632653062,0.0,0.0,0.0010204081632653062,0.0010204081632653062,0.0020408163265306124,0.0020408163265306124,0.0,0.0010204081632653062,0.0
439,0.0,0.0,0.0,0.0,0.0,0.0,0.0,0.0020408163265306124,0.0,0.0,0.0010204081632653062,0.0,0.0,0.0,0.0,0.0020408163265306124,0.0,0.0,0.0,0.0,0.0,0.0,0.0,0.0,0.0010204081632653062,0.0010204081632653062,0.0,0.0020408163265306124,0.0010204081632653062,0.0020408163265306124
5631,0.0010204081632653062,0.0010204081632653062,0.0,0.0,0.0020408163265306124,0.0,0.003061224489795918,0.0010204081632653062,0.0010204081632653062,0.0020408163265306124,0.0010204081632653062,0.0,0.0010204081632653062,0.0,0.0020408163265306124,0.007142857142857143,0.0,0.0,0.0,0.0020408163265306124,0.0020408163265306124,0.0010204081632653062,0.0020408163265306124,0.0010204081632653062,0.0,0.003061224489795918,0.0010204081632653062,0.0020408163265306124,0.003061224489795918,0.0010204081632653062
501,0.0,0.0,0.0010204081632653062,0.0,0.0,0.0,0.0,0.003061224489795918,0.0,0.0,0.0,0.0,0.003061224489795918,0.0,0.003061224489795918,0.0,0.0,0.0010204081632653062,0.0,0.0,0.0,0.0,0.0020408163265306124,0.0,0.0020408163265306124,0.003061224489795918,0.00510204081632653,0.0020408163265306124,0.004081632653061225,0.0
5392,0.0,0.0,0.0,0.0,0.0,0.0,0.0010204081632653062,0.0010204081632653062,0.0,0.0010204081632653062,0.0,0.0,0.0010204081632653062,0.0,0.0010204081632653062,0.0,0.0,0.0020408163265306124,0.0,0.0010204081632653062,0.0,0.0,0.003061224489795918,0.0,0.0010204081632653062,0.0020408163265306124,0.0010204081632653062,0.0010204081632653062,0.0,0.0
5731,0.0,0.0,0.0,0.0,0.0010204081632653062,0.0,0.0,0.0020408163265306124,0.0,0.003061224489795918,0.0,0.0020408163265306124,0.0,0.0,0.0,0.0,0.0,0.0,0.0,0.0010204081632653062,0.0,0.0010204081632653062,0.0,0.0010204081632653062,0.0010204081632653062,0.0,0.0020408163265306124,0.0,0.0,0.0020408163265306124
5632,0.003061224489795918,0.0,0.0,0.08469387755102041,0.06326530612244897,0.08571428571428572,0.0010204081632653062,0.0020408163265306124,0.12142857142857143,0.0,0.0020408163265306124,0.004081632653061225,0.0,0.004081632653061225,0.0,0.009183673469387756,0.0,0.0010204081632653062,0.0,0.04081632653061224,0.006122448979591836,0.0,0.0,0.03163265306122449,0.08673469387755102,0.014285714285714285,0.0,0.0,0.009183673469387756,0.004081632653061225
5118,0.0020408163265306124,0.0,0.0,0.0020408163265306124,0.0010204081632653062,0.0,0.0,0.0,0.0,0.0,0.004081632653061225,0.0,0.0010204081632653062,0.0,0.0,0.003061224489795918,0.0,0.0020408163265306124,0.0,0.0,0.0,0.0,0.0020408163265306124,0.0,0.0,0.0,0.0,0.0,0.0,0.0
481,0.0,0.0,0.0,0.0,0.0,0.0,0.0,0.0,0.0,0.0,0.0010204081632653062,0.0,0.0,0.0,0.0,0.0,0.0010204081632653062,0.0010204081632653062,0.0,0.0,0.0,0.0,0.0,0.0010204081632653062,0.0,0.003061224489795918,0.0020408163265306124,0.003061224489795918,0.0010204081632653062,0.0
5758,0.0,0.0,0.0,0.0010204081632653062,0.0,0.0,0.0010204081632653062,0.0010204081632653062,0.0010204081632653062,0.0,0.003061224489795918,0.0,0.0010204081632653062,0.0020408163265306124,0.0,0.0010204081632653062,0.004081632653061225,0.0010204081632653062,0.0,0.0,0.0,0.0,0.0,0.0010204081632653062,0.0,0.0,0.0010204081632653062,0.0010204081632653062,0.0,0.0020408163265306124
5590,0.0,0.0,0.0010204081632653062,0.0,0.0020408163265306124,0.0,0.0,0.004081632653061225,0.0010204081632653062,0.0,0.0,0.0010204081632653062,0.0,0.0010204081632653062,0.0010204081632653062,0.0,0.0010204081632653062,0.0,0.0,0.0020408163265306124,0.0,0.0020408163265306124,0.003061224489795918,0.0,0.0010204081632653062,0.003061224489795918,0.003061224489795918,0.003061224489795918,0.0020408163265306124,0.0010204081632653062
5076,0.0,0.0,0.0,0.0,0.0010204081632653062,0.0,0.0,0.0020408163265306124,0.0,0.0,0.0,0.0010204081632653062,0.0020408163265306124,0.0,0.003061224489795918,0.0010204081632653062,0.0,0.02142857142857143,0.0,0.0010204081632653062,0.0,0.0,0.0010204081632653062,0.0,0.0010204081632653062,0.0,0.0010204081632653062,0.003061224489795918,0.0,0.0
145,0.0,0.0010204081632653062,0.0,0.0010204081632653062,0.0,0.003061224489795918,0.003061224489795918,0.004081632653061225,0.004081632653061225,0.00510204081632653,0.00510204081632653,0.0,0.0020408163265306124,0.003061224489795918,0.003061224489795918,0.00510204081632653,0.0010204081632653062,0.0020408163265306124,0.003061224489795918,0.003061224489795918,0.0,0.0,0.0010204081632653062,0.0,0.0,0.0,0.0,0.0010204081632653062,0.0,0.0
5092,0.0,0.0,0.0,0.0,0.0010204081632653062,0.0,0.0,0.0,0.0010204081632653062,0.0020408163265306124,0.0020408163265306124,0.0,0.0,0.0010204081632653062,0.0010204081632653062,0.0010204081632653062,0.0,0.0010204081632653062,0.0010204081632653062,0.0,0.0,0.0,0.0,0.0020408163265306124,0.0020408163265306124,0.0020408163265306124,0.0010204081632653062,0.0010204081632653062,0.0,0.0
5110,0.0,0.0,0.0,0.0010204081632653062,0.0,0.0,0.0,0.0010204081632653062,0.0,0.0010204081632653062,0.0010204081632653062,0.0010204081632653062,0.006122448979591836,0.0,0.0020408163265306124,0.0,0.0,0.0010204081632653062,0.0,0.0,0.0,0.0,0.0010204081632653062,0.0,0.0010204081632653062,0.0020408163265306124,0.0020408163265306124,0.0,0.0,0.0
428,0.0010204081632653062,0.0,0.0,0.0,0.0010204081632653062,0.0,0.0,0.003061224489795918,0.0010204081632653062,0.0,0.0010204081632653062,0.0,0.0,0.0,0.0,0.0010204081632653062,0.0010204081632653062,0.0,0.0,0.0,0.003061224489795918,0.0,0.0,0.0,0.0010204081632653062,0.006122448979591836,0.004081632653061225,0.0010204081632653062,0.0,0.0
5280,0.0,0.0,0.0,0.0,0.0010204081632653062,0.0,0.0,0.0,0.0,0.0,0.0010204081632653062,0.0,0.0010204081632653062,0.0,0.0,0.003061224489795918,0.0010204081632653062,0.0010204081632653062,0.0010204081632653062,0.0010204081632653062,0.003061224489795918,0.0,0.0020408163265306124,0.0,0.0,0.0010204081632653062,0.0010204081632653062,0.0010204081632653062,0.0,0.0
5325,0.0,0.0,0.0,0.0,0.0,0.0,0.0,0.0010204081632653062,0.0010204081632653062,0.0,0.0,0.0,0.0,0.0,0.0,0.0,0.0,0.0,0.0,0.0,0.0,0.0,0.0010204081632653062,0.0010204081632653062,0.0020408163265306124,0.0020408163265306124,0.0010204081632653062,0.0,0.0010204081632653062,0.0
5823,0.0,0.0010204081632653062,0.0010204081632653062,0.0010204081632653062,0.0,0.0020408163265306124,0.0,0.0,0.0010204081632653062,0.0,0.0,0.0020408163265306124,0.0010204081632653062,0.0,0.0,0.0,0.003061224489795918,0.00510204081632653,0.0,0.004081632653061225,0.0,0.0,0.003061224489795918,0.0,0.0,0.0,0.0,0.0,0.0010204081632653062,0.0
5181,0.0,0.0,0.0,0.0010204081632653062,0.0,0.0,0.0,0.0,0.0010204081632653062,0.0,0.0,0.0,0.0,0.0,0.0010204081632653062,0.0,0.0,0.0010204081632653062,0.0,0.0,0.0,0.003061224489795918,0.003061224489795918,0.0010204081632653062,0.0,0.0,0.0,0.0020408163265306124,0.0,0.0010204081632653062
5143,0.0,0.0,0.0,0.0,0.0,0.0,0.0,0.0,0.0,0.0010204081632653062,0.0010204081632653062,0.0,0.0,0.00510204081632653,0.0,0.0,0.0010204081632653062,0.0,0.0010204081632653062,0.0,0.0,0.0010204081632653062,0.0010204081632653062,0.0010204081632653062,0.0,0.0,0.0010204081632653062,0.0010204081632653062,0.0010204081632653062,0.0010204081632653062
5238,0.0010204081632653062,0.0,0.0,0.006122448979591836,0.0,0.0,0.0,0.0,0.0,0.0,0.0,0.0,0.0,0.009183673469387756,0.0010204081632653062,0.0,0.0010204081632653062,0.0163265306122449,0.0,0.0,0.0020408163265306124,0.0010204081632653062,0.0,0.0010204081632653062,0.0,0.0,0.0,0.0,0.0,0.0010204081632653062
6066,0.05204081632653061,0.00510204081632653,0.012244897959183673,0.00510204081632653,0.012244897959183673,0.017346938775510204,0.02346938775510204,0.02346938775510204,0.030612244897959183,0.036734693877551024,0.007142857142857143,0.011224489795918367,0.017346938775510204,0.011224489795918367,0.018367346938775512,0.02346938775510204,0.011224489795918367,0.02346938775510204,0.02346938775510204,0.02346938775510204,0.0,0.011224489795918367,0.02346938775510204,0.0326530612244898,0.030612244897959183,0.02346938775510204,0.0,0.03877551020408163,0.017346938775510204,0.11530612244897959
5071,0.0,0.0,0.0010204081632653062,0.0020408163265306124,0.0010204081632653062,0.0010204081632653062,0.0,0.0,0.0020408163265306124,0.0020408163265306124,0.0,0.0,0.0010204081632653062,0.0010204081632653062,0.0010204081632653062,0.0010204081632653062,0.0010204081632653062,0.0,0.0010204081632653062,0.0,0.0,0.0,0.0,0.0020408163265306124,0.0,0.0,0.0,0.0,0.0010204081632653062,0.0020408163265306124
475,0.0020408163265306124,0.0010204081632653062,0.0,0.0,0.0,0.0,0.0,0.0,0.0,0.0010204081632653062,0.0010204081632653062,0.0,0.0,0.0,0.0010204081632653062,0.0,0.0,0.003061224489795918,0.0020408163265306124,0.0,0.0020408163265306124,0.0010204081632653062,0.0,0.0,0.0,0.0,0.0010204081632653062,0.0,0.0,0.0010204081632653062
