11,17,15,13,4,10,13,7,9,11,8,8,14,15
8,9,16,11,4,14,8,10,9,23,15,4,8,8
27,34,14,24,20,25,20,23,23,39,25,13,12,19
57,62,67,47,54,51,67,70,71,111,57,39,35,48
317,66,66,58,53,64,61,426,52,132,82,47,64,55
49,50,51,50,35,53,54,67,61,94,54,30,28,34
20,28,20,18,16,24,38,14,30,24,23,19,13,13
15,13,14,11,13,13,10,17,19,19,11,2,11,8
10,10,13,4,6,18,354,11,55,13,5,5,10,568
4,3,7,6,2,2,1,1,1,7,6,3,4,5
94,462,40,15,21,44,73,96,590,34,23,15,16,18
2,5,4,6,12,5,8,5,5,10,13,1,2,3
6,5,5,3,1,5,1,5,6,6,7,3,5,2
7,11,5,3,7,10,4,5,12,7,8,3,6,5
16,16,26,7,15,14,23,23,14,27,14,10,11,19
31,33,281,25,25,15,28,55,27,283,23,11,17,28
8,1,4,2,8,8,7,3,3,4,6,5,3,8
2,3,5,3,2,8,2,7,8,15,8,5,4,5
15,6,10,3,8,9,8,5,5,13,7,9,7,10
6,5,4,2,2,2,3,1,3,13,3,4,2,3
2,3,2,2,2,1,3,4,2,1,1,3,4,1
3,3,4,2,1,4,2,2,3,2,2,2,2,2
1,1,2,2,6,1,7,4,6,3,2,6,1,2
303,28,16,1,8,14,44,594,28,55,30,6,8,7
1,4,1,2,1,1,1,3,1,1,3,3,2,1
3,7,8,6,2,3,5,4,1,8,2,4,2,4
9,3,1,2,2,1,5,5,2,2,10,12,7,5
4,5,2,1,1,2,1,3,3,1,1,1,1,3
2,4,2,3,1,5,2,3,3,3,2,2,2,4
1,2,2,1,2,2,2,5,2,1,4,3,2,1
1,1,1,1,2,3,1,1,1,1,3,2,3,5
1,2,1,2,1,1,2,1,1,1,2,3,3,2
3,1,1,2,3,8,1,3,2,4,1,1,4,3
1,4,4,2,2,2,1,2,1,1,3,4,5,2
2,1,1,1,1,3,1,2,1,1,5,7,1,3
3,2,1,1,5,2,1,2,6,1,3,1,2,1
2,3,2,3,2,1,1,1,3,2,1,2,2,2
4,2,1,2,2,1,3,3,1,1,2,3,2,5
1,1,1,1,1,1,1,1,1,1,1,1,1,2
1,2,1,3,3,1,1,3,1,2,3,1,1,6
2,4,9,4,2,1,3,2,3,3,1,1,5,4
1,2,1,1,1,2,1,4,1,1,1,1,2,1
4,1,1,2,3,3,4,5,1,2,1,3,8,2
1,1,1,1,2,1,2,1,1,1,3,1,1,2
2,1,1,2,2,3,1,3,1,1,1,1,3,1
2,2,2,3,1,1,3,2,2,1,1,2,1,2
2,1,3,1,3,3,2,1,1,1,2,2,1,2
1,1,2,1,1,2,2,2,1,1,1,1,1,5
1,1,1,4,2,1,1,4,2,1,1,3,2,1
1,3,1,1,1,1,3,1,1,1,1,3,2,2
3,1,1,1,1,1,1,1,2,1,2,2,1,2
1,1,1,2,2,2,1,1,1,2,1,2,2,3
1,2,1,1,4,4,3,2,1,2,2,3,3,7
2,1,2,4,2,6,1,2,1,1,1,1,3,4
51,24,19,26,21,30,43,47,56,71,31,24,35,20
171,71,82,87,90,77,158,149,158,159,76,74,90,100
65,23,25,20,20,27,54,47,52,54,19,20,25,20
1,1,1,1,1,1,1,2,2,1,2,2,3,3
1,1,1,1,1,1,1,1,2,3,1,1,1,1
2,2,2,3,4,1,1,2,2,1,1,5,4,1
1,1,1,1,1,2,1,1,4,1,1,1,1,2
1,1,2,1,1,1,1,1,2,2,2,1,1,1
2,1,3,1,1,1,1,1,2,3,1,1,3,1
2,2,1,2,1,1,3,1,2,1,1,1,3,4
3,1,1,2,2,2,1,1,1,2,2,1,2,1
1,2,1,1,1,3,1,2,1,2,2,3,2,3
1,1,1,2,2,1,1,1,1,2,1,1,2,1
1,1,1,4,1,1,1,1,1,1,2,3,3,3
1,1,1,1,1,1,1,1,1,2,2,1,1,1
2,2,1,2,2,3,5,2,1,1,4,2,1,2
3,1,4,1,2,1,1,1,1,1,1,1,2,1
2,5,1,10,1,2,1,1,2,1,1,11,2,1
1,1,1,2,1,2,2,3,1,3,2,2,1,1
1,1,1,1,1,1,1,3,4,1,1,1,1,2
1,1,1,1,1,2,1,1,1,1,4,1,1,2
1,2,1,3,1,1,1,3,2,2,2,1,2,1
1,1,1,1,1,2,1,1,1,1,1,1,1,1
1,1,2,1,1,1,1,1,1,2,1,2,2,1
1,1,1,1,1,1,1,3,1,1,2,1,1,1
2,2,1,1,3,1,4,2,2,3,2,1,2,1
1,1,2,1,1,1,1,4,1,1,1,1,4,1
1,1,1,1,1,1,2,2,1,2,1,1,2,1
1,1,1,1,2,1,1,3,1,4,1,3,1,1
4,1,1,84,63,85,2,3,120,1,3,5,1,5
3,1,1,3,2,1,1,1,1,1,5,1,2,1
1,1,1,1,1,1,1,1,1,1,2,1,1,1
1,1,1,2,1,1,2,2,2,1,4,1,2,3
1,1,2,1,3,1,1,5,2,1,1,2,1,2
1,1,1,1,2,1,1,3,1,1,1,2,3,1
1,2,1,2,1,4,4,5,5,6,6,1,3,4
1,1,1,1,2,1,1,1,2,3,3,1,1,2
1,1,1,2,1,1,1,2,1,2,2,2,7,1
2,1,1,1,2,1,1,4,2,1,2,1,1,1
1,1,1,1,2,1,1,1,1,1,2,1,2,1
1,1,1,1,1,1,1,2,2,1,1,1,1,1
1,2,2,2,1,3,1,1,2,1,1,3,2,1
1,1,1,2,1,1,1,1,2,1,1,1,1,1
1,1,1,1,1,1,1,1,1,2,2,1,1,6
2,1,1,7,1,1,1,1,1,1,1,1,1,10
52,6,13,6,13,18,24,24,31,37,8,12,18,12
1,1,2,3,2,2,1,1,3,3,1,1,2,2
3,2,1,1,1,1,1,1,1,2,2,1,1,1
