-0.6279246087770018,-0.6279246087770018,-0.6279246087770018,-0.6279246087770018,-0.6279246087770018,-0.6279246087770018,-0.6279246087770018,-0.6279246087770018,-0.6279246087770018,-0.6279246087770018,-0.6279246087770018,-0.556072248565075,-0.4123675281412212,1.0246796760973167
-0.6279246087770018,-0.1968104475054405,2.3898745201239278,-0.4123675281412212,-0.6279246087770018,-0.34051516792929426,-0.34051516792929426,-0.2686628077173674,2.820988681395489,-0.6279246087770018,-0.6279246087770018,-0.6279246087770018,-0.556072248565075,3.3958075630909046
-0.6279246087770018,-0.6279246087770018,-0.6279246087770018,-0.6279246087770018,-0.6279246087770018,-0.556072248565075,-0.556072248565075,-0.556072248565075,-0.556072248565075,2.1024650792762203,-0.4123675281412212,1.6713509180046588,-0.2686628077173674,1.3120891169450244
-0.6279246087770018,-0.6279246087770018,-0.48421988835314805,-0.6279246087770018,-0.6279246087770018,-0.6279246087770018,-0.6279246087770018,-0.6279246087770018,-0.6279246087770018,-0.6279246087770018,-0.4123675281412212,-0.556072248565075,1.2402367567330976,-0.556072248565075
-0.6279246087770018,-0.6279246087770018,-0.6279246087770018,-0.6279246087770018,-0.6279246087770018,-0.48421988835314805,1.1683843965211707,-0.4123675281412212,-0.6279246087770018,-0.6279246087770018,1.527646197580805,-0.4123675281412212,0.6654178750376822,-0.6279246087770018
-0.556072248565075,1.2402367567330976,-0.556072248565075,-0.6279246087770018,-0.556072248565075,-0.48421988835314805,1.9587603588523665,-0.556072248565075,-0.6279246087770018,-0.6279246087770018,3.03654576203127,-0.48421988835314805,-0.34051516792929426,2.1024650792762203
-0.6279246087770018,-0.6279246087770018,1.599498557792732,-0.6279246087770018,1.3120891169450244,-0.6279246087770018,-0.6279246087770018,-0.4123675281412212,-0.556072248565075,-0.4123675281412212,2.3898745201239278,-0.6279246087770018,-0.48421988835314805,-0.48421988835314805
-0.6279246087770018,-0.48421988835314805,-0.4123675281412212,-0.48421988835314805,-0.48421988835314805,-0.48421988835314805,-0.48421988835314805,-0.48421988835314805,-0.48421988835314805,-0.48421988835314805,-0.48421988835314805,-0.48421988835314805,-0.48421988835314805,-0.48421988835314805
-0.556072248565075,-0.48421988835314805,-0.48421988835314805,-0.556072248565075,-0.556072248565075,-0.556072248565075,-0.48421988835314805,-0.48421988835314805,-0.48421988835314805,-0.48421988835314805,-0.48421988835314805,-0.556072248565075,-0.556072248565075,-0.48421988835314805
-0.556072248565075,-0.6279246087770018,-0.6279246087770018,-0.6279246087770018,-0.556072248565075,-0.6279246087770018,-0.6279246087770018,-0.556072248565075,-0.6279246087770018,-0.6279246087770018,-0.6279246087770018,-0.6279246087770018,0.9528273158853898,-0.6279246087770018
-0.48421988835314805,-0.556072248565075,1.3839414771569514,-0.6279246087770018,-0.48421988835314805,1.0965320363092437,-0.6279246087770018,-0.6279246087770018,-0.6279246087770018,1.599498557792732,-0.6279246087770018,1.6713509180046588,-0.6279246087770018,-0.6279246087770018
-0.1968104475054405,-0.1968104475054405,-0.34051516792929426,-0.4123675281412212,-0.2686628077173674,-0.34051516792929426,-0.34051516792929426,-0.2686628077173674,-0.34051516792929426,-0.2686628077173674,-0.1968104475054405,-0.34051516792929426,-0.4123675281412212,-0.34051516792929426
-0.6279246087770018,-0.6279246087770018,-0.6279246087770018,-0.556072248565075,-0.6279246087770018,0.9528273158853898,-0.556072248565075,-0.556072248565075,-0.6279246087770018,-0.556072248565075,1.2402367567330976,-0.6279246087770018,-0.556072248565075,-0.6279246087770018
-0.6279246087770018,-0.6279246087770018,-0.556072248565075,-0.6279246087770018,-0.6279246087770018,-0.6279246087770018,-0.48421988835314805,-0.6279246087770018,-0.6279246087770018,-0.4123675281412212,2.0306127190642935,-0.6279246087770018,-0.6279246087770018,-0.556072248565075
-0.6279246087770018,-0.556072248565075,-0.556072248565075,-0.6279246087770018,-0.6279246087770018,-0.6279246087770018,-0.6279246087770018,-0.6279246087770018,-0.6279246087770018,-0.6279246087770018,-0.6279246087770018,-0.6279246087770018,-0.6279246087770018,-0.6279246087770018
-0.6279246087770018,-0.6279246087770018,-0.6279246087770018,-0.6279246087770018,-0.6279246087770018,-0.48421988835314805,1.8150556384285128,-0.556072248565075,-0.6279246087770018,-0.4123675281412212,1.3839414771569514,-0.6279246087770018,-0.6279246087770018,2.318022159912001
-0.6279246087770018,-0.6279246087770018,-0.6279246087770018,-0.2686628077173674,-0.556072248565075,-0.4123675281412212,-0.556072248565075,-0.6279246087770018,-0.6279246087770018,-0.2686628077173674,-0.556072248565075,-0.6279246087770018,-0.053105727081586694,-0.6279246087770018
-0.556072248565075,2.0306127190642935,-0.4123675281412212,-0.48421988835314805,-0.6279246087770018,-0.48421988835314805,-0.2686628077173674,3.611364643726685,-0.2686628077173674,-0.6279246087770018,-0.6279246087770018,-0.6279246087770018,-0.556072248565075,-0.6279246087770018
-0.6279246087770018,-0.6279246087770018,-0.6279246087770018,-0.48421988835314805,1.4557938373688781,-0.556072248565075,-0.6279246087770018,-0.48421988835314805,2.0306127190642935,-0.6279246087770018,-0.556072248565075,-0.34051516792929426,-0.6279246087770018,-0.556072248565075
-0.6279246087770018,-0.6279246087770018,-0.6279246087770018,-0.6279246087770018,-0.2686628077173674,-0.6279246087770018,-0.6279246087770018,-0.6279246087770018,-0.6279246087770018,-0.556072248565075,-0.6279246087770018,-0.48421988835314805,-0.6279246087770018,-0.6279246087770018
-0.6279246087770018,-0.6279246087770018,-0.6279246087770018,-0.6279246087770018,-0.6279246087770018,-0.6279246087770018,-0.6279246087770018,0.09059899334226709,-0.6279246087770018,0.37800843418997465,-0.6279246087770018,-0.6279246087770018,-0.6279246087770018,-0.6279246087770018
-0.6279246087770018,-0.556072248565075,0.9528273158853898,-0.6279246087770018,-0.556072248565075,0.0187466331303402,-0.556072248565075,0.0187466331303402,0.4498607944019016,-0.6279246087770018,0.0187466331303402,-0.556072248565075,0.4498607944019016,-0.1249580872935136
-0.6279246087770018,-0.556072248565075,-0.556072248565075,-0.6279246087770018,-0.6279246087770018,-0.6279246087770018,-0.556072248565075,-0.6279246087770018,-0.556072248565075,-0.48421988835314805,-0.6279246087770018,-0.6279246087770018,-0.6279246087770018,-0.6279246087770018
-0.6279246087770018,-0.6279246087770018,-0.6279246087770018,-0.6279246087770018,-0.6279246087770018,-0.48421988835314805,-0.556072248565075,-0.2686628077173674,-0.556072248565075,-0.48421988835314805,-0.4123675281412212,-0.6279246087770018,-0.556072248565075,-0.6279246087770018
-0.6279246087770018,-0.6279246087770018,-0.6279246087770018,-0.48421988835314805,-0.6279246087770018,-0.556072248565075,-0.6279246087770018,-0.556072248565075,-0.48421988835314805,0.880974955673463,3.3239552028789774,2.2461697997000742,0.09059899334226709,-0.053105727081586694
-0.6279246087770018,-0.6279246087770018,-0.556072248565075,-0.6279246087770018,-0.6279246087770018,-0.6279246087770018,-0.556072248565075,-0.4123675281412212,-0.4123675281412212,-0.556072248565075,-0.4123675281412212,-0.4123675281412212,-0.34051516792929426,-0.2686628077173674
-0.6279246087770018,-0.6279246087770018,-0.6279246087770018,-0.6279246087770018,-0.6279246087770018,-0.6279246087770018,-0.6279246087770018,0.37800843418997465,-0.6279246087770018,-0.1249580872935136,-0.6279246087770018,-0.2686628077173674,-0.6279246087770018,-0.6279246087770018
-0.6279246087770018,-0.556072248565075,-0.6279246087770018,-0.6279246087770018,-0.6279246087770018,-0.556072248565075,-0.6279246087770018,-0.6279246087770018,-0.6279246087770018,-0.6279246087770018,-0.6279246087770018,-0.6279246087770018,-0.556072248565075,-0.6279246087770018
-0.6279246087770018,-0.6279246087770018,-0.6279246087770018,-0.6279246087770018,-0.6279246087770018,-0.4123675281412212,-0.556072248565075,-0.556072248565075,-0.6279246087770018,-0.556072248565075,-0.556072248565075,-0.34051516792929426,-0.6279246087770018,-0.34051516792929426
-0.6279246087770018,-0.6279246087770018,-0.6279246087770018,-0.2686628077173674,-0.556072248565075,-0.34051516792929426,-0.6279246087770018,-0.6279246087770018,-0.6279246087770018,-0.6279246087770018,-0.6279246087770018,-0.6279246087770018,-0.6279246087770018,-0.34051516792929426
-0.6279246087770018,-0.6279246087770018,-0.48421988835314805,-0.556072248565075,-0.556072248565075,-0.556072248565075,-0.6279246087770018,-0.6279246087770018,-0.6279246087770018,-0.556072248565075,-0.556072248565075,-0.6279246087770018,-0.34051516792929426,-0.6279246087770018
-0.6279246087770018,-0.6279246087770018,-0.6279246087770018,-0.6279246087770018,-0.6279246087770018,-0.6279246087770018,-0.6279246087770018,-0.556072248565075,-0.6279246087770018,-0.6279246087770018,-0.6279246087770018,-0.6279246087770018,0.23430371376612089,-0.6279246087770018
-0.6279246087770018,-0.6279246087770018,-0.6279246087770018,-0.6279246087770018,-0.6279246087770018,-0.6279246087770018,-0.48421988835314805,-0.4123675281412212,-0.6279246087770018,-0.4123675281412212,-0.6279246087770018,-0.556072248565075,-0.34051516792929426,-0.2686628077173674
-0.6279246087770018,-0.6279246087770018,-0.6279246087770018,-0.6279246087770018,-0.6279246087770018,2.7491363211835624,-0.6279246087770018,0.9528273158853898,1.3120891169450244,-0.6279246087770018,1.3839414771569514,1.4557938373688781,0.7372702352496091,1.3839414771569514
