-0.6279246087770018
-0.4123675281412212
-0.6279246087770018
-0.48421988835314805
0.6654178750376822
-0.556072248565075
-0.6279246087770018
-0.48421988835314805
-0.556072248565075
-0.6279246087770018
-0.48421988835314805
-0.34051516792929426
-0.6279246087770018
-0.4123675281412212
-0.6279246087770018
-0.48421988835314805
-0.1968104475054405
-0.4123675281412212
1.8869079986404396
-0.6279246087770018
-0.6279246087770018
-0.6279246087770018
-0.6279246087770018
-0.6279246087770018
-0.556072248565075
-0.34051516792929426
-0.6279246087770018
-0.556072248565075
-0.48421988835314805
-0.4123675281412212
-0.6279246087770018
-0.6279246087770018
-0.34051516792929426
1.0246796760973167
